Rectangle; 0, 0; 100, 100; 176,196,212
Rectangle; 100, 0; 200, 100; 216,223,234
Rectangle; 200, 0; 300, 100; 165, 186, 204
Rectangle; 300, 0; 400, 100;  52, 76, 105
Rectangle; 400, 0; 500, 100; 42, 59, 82
Rectangle; 0, 100; 100, 200; 216,223,234
Rectangle; 100, 100; 200, 200; 52, 76, 105
Rectangle; 200, 100; 300, 200; 255,255,255
Rectangle; 300, 100; 400, 200; 176,196,212
Rectangle; 400, 100; 500, 200; 165, 186, 204
Rectangle; 0, 200; 100, 300; 255,255,255
Rectangle; 100, 200; 200, 300; 165, 186, 204
Rectangle; 200, 200; 300, 300; 176,196,212
Rectangle; 300, 200; 400, 300; 216,223,234
Rectangle; 400, 200; 500, 300; 176,196,212
Rectangle; 0, 300; 100, 400; 216,223,234
Rectangle; 100, 300; 200, 400; 165, 186, 204
Rectangle; 200, 300; 300, 400; 216,223,234
Rectangle; 300, 300; 400, 400; 52, 76, 105
Rectangle; 400, 300; 500, 400; 165, 186, 204
Rectangle; 0, 400; 100, 500; 42, 59, 82
Rectangle; 100, 400; 200, 500; 216,223,234
Rectangle; 200, 400; 300, 500; 176,196,212
Rectangle; 300, 400; 400, 500; 42, 59, 82
Rectangle; 400, 400; 500, 500; 255,255,255
