Rectangle; 379, 313; 116, 36; 104, 139, 104
Circle; 394, 189; 17; 193, 124, 125
Circle; 102, 192; 68; 129, 187, 190
Rectangle; 497, 172; 154, 113; 112, 153, 161
Rectangle; 460, 219; 468, 195; 153, 101, 148
Rectangle; 157, 413; 97, 204; 191, 106, 112
Rectangle; 431, 404; 152, 232; 159, 179, 199
Circle; 53, 418; 51; 111, 179, 133
Rectangle; 145, 1; 433, 148; 184, 115, 111
Rectangle; 168, 432; 277, 90; 145, 184, 175
Circle; 192, 494; 2; 128, 124, 171
Circle; 251, 375; 108; 188, 196, 124
Rectangle; 421, 372; 345, 154; 125, 187, 194
Circle; 225, 276; 72; 105, 149, 145
Circle; 426, 147; 50; 116, 124, 107
Circle; 99, 231; 51; 102, 141, 109
Rectangle; 48, 60; 396, 448; 107, 180, 111
Rectangle; 73, 420; 155, 115; 186, 109, 171
Circle; 490, 365; 1; 124, 134, 110
Rectangle; 203, 390; 164, 205; 121, 147, 144
Rectangle; 374, 51; 163, 364; 101, 196, 105
Rectangle; 179, 29; 108, 153; 200, 160, 124
Circle; 189, 265; 147; 107, 119, 119
Rectangle; 44, 404; 71, 51; 105, 153, 155
Circle; 106, 244; 86; 134, 104, 127
Rectangle; 80, 413; 494, 377; 171, 141, 195
Rectangle; 64, 221; 57, 86; 123, 118, 155
Rectangle; 256, 223; 428, 167; 133, 142, 188
Circle; 63, 435; 28; 115, 165, 137
Rectangle; 203, 345; 35, 424; 171, 142, 151
